D = [
35.4549 34.7336 29.6654 
23.6984 25.9611 21.9432 

6.81362 6.9377  6.43638
8.34177 13.1466 13.1414 

63.4883 52.6705 56.3229
51.6508 46.0797 46.9141

5.29815 4.74909 5.81724
4.79278 3.71552 4.17479

49.0939 38.47   53.208
42.1929 38.963  50.095

28.3617 25.8157 26
24.456  20.4006 22

15.9911 14.6721 14.7832
13.2241 11.6407 11.0675

30.6049 39.3053 38.9299
22.8814 31.2865 27.431

37.7467 41.1465 32.9145
21.2994 23.8418 16.331

22.6149 18.8435 21.901
14.3086 9.58458 11.5088

25.9782 37.4739 21.8509
24.5053 38.7636 23.694

21.479  22.8646 22.8594 
16.4903 18.8339 13.6028

9.53591 10.9685 9.42261
7.01644 9.97411 7.46679

53.6004 57.5756 52.2027
42.8429 46.2676 39.2677

18.8338 15.4471 17
20.8846 20.1114 20.5
];


R = [
28.268    
27.038

0
12.272

53.976
42.651

4.727
3.161

48.969
38.94

20.977
20.255

13.538
9.528

28.282
23.65

29.542
18.744

18.946
13.134

20.893
20.416

19.991
17.468

7.583
7.018

50.818
42.865

16.508
17.045
];


